
				本期杀码：1
毒胆参考：5
双胆预测：25
胆码推荐：258
精选四码：0258
主打五码：02458<带组三>
缩水六码：023458
盈利七码：0234578
重点和值：10 12 14 15 18
跨度参考：4578
精选单注：028 035 048 057 068 078 237 239 246 249 257 267 279 348 357 378 459 468 569 
防组选三：008 055 226 266 299 338 488 
以上分析属于个人观点，仅供参考！			

	绝杀号码：3,4
独胆推荐：2
双胆推荐：1,2
三胆推荐：0,1,2
五码复式：01259
六码复式：012579
七码复式：0125789
推荐和值：10,12,13,14,15
推荐跨度：2,5,7,8
组选推荐：012,028,057,058,067,068,078,129,156,158,159,168,257,267,789
直选推荐：021,028,057,058,067,068,082,085,087,102,158,165,168,185,192,195,607,608,627,651,681,705,708,725,752,762,798,921,951,987
仅供参考，照单投注，风险自负。


	 
 

	包星定位：7**,*8*,**5
杀码：0,1
独胆：7
双胆：7,8
三胆：5,7,8
五码：25678
六码：245678
七码：2345678
和值：14,15,17,20,21
跨度：3,4,5,6
组选：245,248,257,258,267,278,347,348,356,357,359,368,389,458,467,479,489,569,578,579


	 
 

	包包星定位：0**,*6*,**2
杀码推荐：7,8
【独胆】：2
【双胆】：26
五码复式：02356
六码复式：023569
七码复式：0123569
直选推荐：01369//23569//01235
推荐和值：8,10,11,12,14
推荐跨度：3,5,6,9
组选推荐：013,019,026,029,035,039,046,056,059,134,136,146,156,235,245,356,369,459
直选推荐：031,035,062,064,065,091,092,095,134,164,165,301,305,325,352,361,365,425,431,452,461,495,602,604,605,631,635,651,901,902,905,954
 (直选参考！龙彩居士献上——)



 
 

	包星定位：3**,*2*,**8
杀码：1,5
独胆：2
双胆：2,3
三胆：2,3,8
五码复式：02389
六码复式：023689
七码复式：0236789
推荐和值：12,13,15,16,17
推荐跨度：3,6,7,8
组选推荐：023,048,067,078,238,249,268,269,278,346,349,467,679,689
《程咬金专注独胆》


	 
 
				【杀码】：4,5
【三胆】：6**,*3*,**2
独胆：2
双胆：2,3
五码复式：01236
六码复式：012368
七码复式：0123689
和值预测：11,12,15,16,17
跨度预测：3,4,6,8
组选预测：016,023,038,078,129,137,169,179,236,268,278,367,679
直选预测：032,038,061,087,137,192,197,302,308,362,367,601,628,632,637,682,691,697,708,728,731,782,791,921,961,967
（实实在在分享，高高兴兴中奖，龙民工祝您大奖连连)  
				一、独胆：3
二、双胆：36
三、三胆：369
四、绝杀：0
五、本期和值: 15,16,17,18,19
六、五码定位：23569/23569/23569
七、福彩3D开奖预测组选17注:269 278 279 289 359 368 369 378 379 458 459 467 468 469 478 567 568 
八、福彩3D开奖预测直选56注:259 269 295 296 299 339 359 366 369 393 395 396 399 529 539 555 556 559 565 566 569 592 593 595 596 629 636 639 655 656 659 663 665 666 669 692 693 695 696 925 926 929 933 935 936 939 952 953 955 956 962 963 965 966 992 993 

	 
 
				福彩3D2018136期开奖号码:643,大小比:1：2， 奇偶比1：2。
福彩3D2018137期分析
一、跨度分析：
上期跨度为3跨，根据跨度走势，本期不看好跨度：7,8，关注跨度：2,3,4,5,6。
上期和值为13和，根据和值走势，本期关注和值:12,13,14,15。
二、推荐胆码：
独胆3
双胆34
三胆346
三、组选复试：
五码34567
六码345679
四、3D直选定位杀：
百位杀08
十位杀08
个位杀08
五、直选定位:
34567-34567-34567
3456-3456-3456
346-346-346
七、组选20注: 129 137 139 146 147 149 156 157 167 236 237 245 246 247 256 257 345 346 347 356 

	 
 
				独胆推荐:2
双胆推荐:23
定位胆码:235
五码复式:23457
六码复式:234567
七码复式:2345678
定位复式:23457/23457/23457
单选50注:234 235 237 243 245 247 253 254 257 273 274 275 324 325 327 333 342 345 347 352 354 372 374 423 425 427 432 435 437 444 452 453 472 473 523 524 527 532 534 542 543 572 723 724 725 732 734 742 743 752 

	 
 
				上期开奖号:百位:6 十位:4 个位:3 和值:6+4+3=13
3d137期推荐参：
一,本期杀码：0
二,本期胆码: 237
三,六码推荐: 123467
四,五码推荐: 23467
五,四码推荐：2367
六,组选16注：127 128 129 136 137 138 139 146 147 148 236 237 238 246 247 346 
七,单选42注：226 227 236 237 244 246 247 262 263 264 272 273 274 326 327 334 336 337 343 344 346 362 363 364 372 373 424 426 427 433 434 436 442 443 444 462 463 472 622 623 624 632 633 634 642 643 722 723 724 732 733 742 
八,跨度推荐: 3,4,5,6
九,和值推荐：10,11,12,13

	 
 
				独胆参考：4
推荐双胆：46
定位三胆：246
四码复式：2346
五码复式：23467
六码复式：234679
和值关注：10,11,12,13,14
跨度分析：2,3,4,5,7
公式杀码：0
今日组选：236 237 238 239 245 246 247 248 249 256 257 258 267 345 346 347 348 356 357 456 
单选推荐：226 227 236 237 244 246 247 262 263 264 272 273 274 326 327 334 336 337 343 344 346 362 363 364 372 373 424 426 427 433 434 436 442 443 444 462 463 472 622 623 624 632 633 634 642 643 722 723 724 732 733 742  

	回顾上期开奖结果：643，类型：组六，和值：13，跨度：3，形态为：偶偶奇，大小小。


	从近期3d走势图分析


	百位：上期出号6，号码为大号，近期百位冷号为：1457，本期关注2389。重点防：0。


	十位：上期出号4，号码为小号，近期十位冷号为：078，本期关注2469。重点防：1。


	个位：上期出号3，号码为小号，近期个位冷号为：49，本期关注3678。重点防：5。


	本期定位关注
2389//2469//3678
七码:2346789
六码:234678
五码:34678
四码:3678
双胆:38
乾坤1注:368
243 246 248 263 267 268 293 296
298 326 327 328 346 347 348 367 
368 396 397 398 823 826 827 843 
846 847 863 867 893 896 897 923 
926 928 943 946 948 963 967 968
 
				定位胆码:347
百位:023
十位:124
个位:367
5码复试:13467
6码复试:123467
7码复试:0123467
组选推荐 
012 013 014 016 017 023 024 
026 027 034 036 037 046 047 
067 123 124 126 127 134 136 
137 146 147 167 234 236 237 
246 247 267 346 347 367 467 
提供参考，祝您好运！			

	上期开奖号码为：643，中奖详细：直选7027注1040元，组六28473注173元，销售总额：46,704,298 元。
独胆:3
双胆:37
三胆:237
六码复式:234678
五码复式:23678
复式定位 
百位:2389
十位:2469
个位:3678
直选大底 
243 246 247 248 263 267 268 
293 296 297 298 326 327 328 
346 347 348 367 368 396 397 
398 823 826 827 843 846 847 
863 867 893 896 897 923 926 
927 928 943 946 947 948 963 967 968 
精选11注:246 268 296 327 367 368 826 827 863 926 943
 

	金胆:3
银胆:6
铜胆:5
五码复式:34568
六码复式:345678
七码复式:2345678
和值:14,15,16,17
跨度:4,5,6
杀码:0,9
精选18注:238 256 257 258 267 268 346 347 348 356 357 358 367 368 456 457 458 467



 
 
				本期精心为您推荐：
（1）【胆    码】金胆0 银胆6 铜胆5
（2）【大    小】小大大,小小大,大小大
（3）【奇    偶】偶偶奇,奇偶偶,奇偶奇
（4）【组选复式】0145679
（5）【和    值】11,14,18
（6）【定位包号】0**/*6*/**5
（7）【直选复式】0149//4679//1567
（8）直组44注推荐
041 045 046 047 061 065 067 
071 075 076 091 095 096 097 
145 146 147 165 167 175 176 
195 196 197 461 465 467 471 
475 476 491 495 496 497 941 
945 946 947 961 965 967 971 975 976 
（9）缩水精华：047 065 095 146 167 176 461 495 945			
				一、定胆推荐：091
二、大小推荐：小大小,小小大
三、奇偶推荐：偶奇奇,偶偶奇
四、和值推荐：9,10,11
五、跨度推荐：5,7,9
六、组选复式：0124579
七、精准定位：百位0249 十位1479 个位0157 
八、直组大底 
015 017 041 045 047 071 075 091 
095 097 210 215 217 240 241 270 
271 290 291 295 297 410 415 417 
470 471 490 491 495 497 910 915 
917 940 941 945 947 970 971 975 
九、组选11注：019 027 029 045 047 059 127 145 149 279 459 
（个人看号，仅供娱乐）			

	本期杀码：3,7
包星定位：8**,*6*,**5
独胆推荐：5
双胆推荐：5,6
五码复式：12568
六码复式：124568
七码复式：1245689
推荐和值：11,12,14,17,18
推荐跨度：3,4,5,7
定位预测：14689*25689*12458
组选预测：025,124,125,128,146,156,158,245,246,269,458,459,468,489,589
单选预测：214,241,246,250,251,254,281,516,520,521,524,549,581,584,589,614,624,629,641,651,684,821,846,849,851,854,859,926,954,984


	 
 

	南 金胆：5
方 银胆：7
双 铜胆：3
彩 排除1码：6
网 五码复式：01357
原 六码复式：012357
创 七码复式：0123578
   和值分析：12,13,14,16
   跨度分析：3,4,5,6
   组选预测：003 004 013 015 024 033 114 147 157 228 237 238 247 248 255 257 277 337 338 347 349 358 448 457 499 589 599


	 
 

	杀码：6,7
包星：3**,*8*,**4
独胆：8
双胆：3,8
5码复式：12348
6码复式：012348
和值范围：10,12,14,15,16
跨度范围：2,3,4,6
★组选★：013,014,023,024,123,145,235,248,258,345,349,389,589
★单选★：024,031,032,104,132,154,301,302,321,325,352,354,394,398,401,402,428,435,451,482,934,938,958,985


	 
 

	今日杀码：2,6
绝杀跨度：1,2
绝杀和尾：2,7
包星推荐：9**,*7*,**0
双胆推荐：7,9
五码复式：04579
六码复式：014579
七码复式：0134579
和值推荐：11,13,15,16
跨度推荐：3,4,5,7
组选推荐：003 005 014 015 033 047 114 148 155 178 337 348 357 358 447 448 457 489 579 588 599


	 
 

	胆码：012
四码：0128
五码：01278(含组三)
六码：012789
七码：0123789
定位推荐:
百位：01379
十位：02389
个位：12378
直组精选：081 087 108 197 198 387 708 738 783 791 798 981 987 
组选大底：014 018 025 034 035 045 068 078 125 126 135 149 159 179 189 234 257 267 347 348 357 368 378 456 458 459 468 469 478 567 789



 
 
				1、杀号及条件：
通杀号：7,8
杀跨度：2,7
杀和尾：1,3
2、胆码推荐：
独胆：9
双胆：3,9
三胆：3,4,9
3、复式推荐：
五码复式：12349
六码复式：123459
七码复式：1234569
4、和值跨度：
推荐和值：10,12,14,15,16
推荐跨度：3,4,5,6
5、直选定位：13469//23569//12456
6、号码缩水：
组选号码：013,014,015,023,024,046,136,145,156,235,246,349,356,569
单选号码：024,031,032,051,064,104,105,154,165,301,302,325,352,361,365,394,401,402,451,462,604,624,631,635,651,695,934,965 

	杀码：5,6
包星定位：0**,*3*,**4
独胆：4
双胆：0,4
三胆：0,3,4
复式：01348→013478→0123478
和值：10,11,12,14,17
跨度：2,3,4,7
定位：01347//02378//12478
组选：013,022,034,037,047,077,118,124,128,133,138,188,239,244,299,347,377,488,789


	 
 

	三胆预测：045
四码预测：0458
五码复式：01458
六码复式：014578
七码复式：0124578
推荐和值：8,9,14,15
推荐跨度：2,4,5,8
直选定位：02458//02457//02458
专家杀号：6,9
杀跨度：3
杀和尾：1
专家精选：014 018 035 045 078 125 135 234 257 347 348 357 378 478



 
 

	排除一码：9
独胆预测：5
双胆预测：58
三胆预测：568
五码复式：12568
六码复式：123568
七码复式：1235678
推荐和值：14,15,18,19,20
推荐跨度：3,5,6,7
组选推荐：026,035,036,126,136,158,167,168,235,257,258,267,356,378,568,578
直选推荐：035,062,158,162,167,168,185,305,325,352,361,365,387,602,621,627,631,635,658,681,685,725,738,752,758,761,762,785


	 
 
				本期可杀：0,9
毒胆预测：6
双胆预测：6,7
三胆预测：4,6,7
五码复式：12467
六码复式：123467
七码复式：1234678
定位复式：12367//23678//12478
和值推荐：12,15,16,17,18
跨度推荐：3,4,6,7
组选推荐：124,125,134,138,147,168,178,246,258,268,278,357,367,457,458,467,468 
				本期可杀：6,8
毒胆预测：2
双胆预测：2,7
三胆预测：2,3,7
五码复式：12379
六码复式：012379
七码复式：0123579
定位复式：12379*12379*12379
和值推荐：12,14,15,16,17
跨度推荐：3,5,6,7
组选推荐：013 015 023 025 057 124 147 237 239 249 257 259 349 359 457  

	回顾上期开奖结果：698，类型：组六，和值：23，跨度：6，形态为：偶奇偶，大大大。


	从近期3d走势图分析


	百位：上期出号6，号码为大号，近期百位冷号为：1457，本期关注2349。重点防：8。


	十位：上期出号9，号码为大号，近期十位冷号为：07，本期关注1469。重点防：5。


	个位：上期出号8，号码为大号，近期个位冷号为：49，本期关注1356。重点防：2。


	本期定位关注
2349//1469//1356
七码:1234569
六码:234569
五码:23459
四码:3459
双胆:39
乾坤1注:395
213 215 216 241 243 245 246 
261 263 265 291 293 295 296 
315 316 341 345 346 361 365 
391 395 396 413 415 416 461 
463 465 491 493 495 496 913 
915 916 941 943 945 946 961 963 965
 

	绝杀号码：3,7
独胆推荐：6
双胆推荐：2,6
三胆推荐：2,6,9
五码复式：25689
六码复式：125689
七码复式：1245689
推荐和值：12,14,15,16,17
推荐跨度：4,5,6,7
组选推荐：014,015,016,024,025,156,158,168,246,248,249,258,259,268,269,458,589
直选推荐：104,106,150,156,160,186,204,250,259,264,269,284,286,294,296,401,420,426,429,501,520,529,561,581,584,589,824,826,851,854,859,861
仅供参考，照单投注，风险自负。


	 
 

	包星定位：2**,*3*,**7
杀码：4,8
独胆：7
双胆：2,7
三胆：2,3,7
五码：12367
六码：012367
七码：0123567
和值：11,12,14,15,17
跨度：3,5,6,7
组选：013,016,023,025,056,057,137,156,167,237,239,257,267,269,356,359,679


	 
 
				定位胆码:846
百位:238
十位:145
个位:568
5码复试:24568
6码复试:234568
7码复试:1234568
组选推荐 
123 124 125 126 128 134 135 
136 138 145 146 148 156 158 
168 234 235 236 238 245 246 
248 256 258 268 345 346 348 
356 358 368 456 458 468 568 
提供参考，祝您好运！			
				包包星定位：9**,*1*,**8
杀码推荐：4,6
【独胆】：8
【双胆】：89
五码复式：01289
六码复式：012389
七码复式：0123589
直选推荐：02389//01359//12358
推荐和值：14,15,16,17,18
推荐跨度：3,5,6,8
组选推荐：013,015,023,025,035,078,159,179,189,257,258,278,358,359,378
直选推荐：015,031,032,035,078,205,275,278,301,302,305,378,395,501,502,538,572,591,807,835,837,872,891,915,917,918,935,971
 (直选参考！龙彩居士献上——)  
				上期开奖号码为：698，中奖详细：直选8940注1040元，组六22440注173元，销售总额：48,342,720 元。
独胆:9
双胆:59
三胆:259
六码复式:234589
五码复式:23589
复式定位 
百位:2389
十位:4569
个位:3568
直选大底 
243 245 246 248 253 256 258 
263 265 268 293 295 296 298 
345 346 348 356 358 365 368 
395 396 398 843 845 846 853 
856 863 865 893 895 896 943 
945 946 948 953 956 958 963 965 968 
精选10注:248 258 268 293 295 356 358 365 853 943			
				包星定位：3**,*6*,**4
杀码：2,9
独胆：3
双胆：3,4
三胆：3,4,6
五码复式：34678
六码复式：134678
七码复式：0134678
推荐和值：11,12,13,14,17
推荐跨度：3,4,6,7
组选推荐：013,016,034,047,056,057,067,137,138,147,148,157,158,167,346,347,356,458,467
《程咬金专注独胆》  

	【杀码】：2,3
【三胆】：5**,*7*,**8
独胆：7
双胆：7,8
五码复式：01578
六码复式：015789
七码复式：0145789
和值预测：13,14,15,17,20
跨度预测：4,6,7,8
组选预测：014,016,046,058,067,068,078,145,148,149,157,158,159,167,168,179,458,569
直选预测：014,041,061,064,067,068,078,508,514,517,518,541,548,571,591,601,604,607,608,617,618,671,695,805,807,814,815,841,845,861,914,915,917,941,965,971
（实实在在分享，高高兴兴中奖，龙民工祝您大奖连连)


	 
 
				金胆:9
银胆:2
铜胆:7
五码复式:24679
六码复式:234679
七码复式:2345679
和值:14,16,17,18
跨度:5,6,7
杀码:0,1
精选17注:239 249 257 259 267 269 279 347 349 357 359 367 369 457 459 467 567  
				本期精心为您推荐：
（1）【胆    码】金胆1 银胆4 铜胆6
（2）【大    小】小小大,小大小,小大大
（3）【奇    偶】奇偶偶,奇奇奇,奇奇偶
（4）【组选复式】0134678
（5）【和    值】11,12,16
（6）【定位包号】1**/*4*/**6
（7）【直选复式】0134//1467//1368
（8）直组42注推荐
013 016 018 041 043 046 048 
061 063 068 071 073 076 078 
143 146 148 163 168 173 176 
178 316 318 341 346 348 361 
368 371 376 378 413 416 418 
461 463 468 471 473 476 478 
（9）缩水精华：048 146 173 178 318 371 376 416 461 471			
				一、定胆推荐：293
二、大小推荐：小大小,小小大
三、奇偶推荐：偶奇奇,奇偶奇
四、和值推荐：12,13,14
五、跨度推荐：4,7,9
六、组选复式：0123479
七、精准定位：百位0123 十位1349 个位1379 
八、直组大底 
013 017 019 031 037 039 041 043 
047 049 091 093 097 137 139 143 
147 149 193 197 213 217 219 231 
237 239 241 243 247 249 291 293 
297 317 319 341 347 349 391 397 
九、组选11注：029 039 049 129 137 139 149 237 239 247 347 
（个人看号，仅供娱乐）			
				一、独胆：8
二、双胆：89
三、三胆：689
四、绝杀：4
五、本期和值: 16,17,18,23,24
六、五码定位：02689/02689/02689
七、福彩3D开奖预测组选16注:089 179 189 269 278 279 289 567 568 569 578 579 589 678 679 689 
八、福彩3D开奖预测直选52注:088 089 098 099 268 269 286 288 289 296 298 299 628 629 666 668 669 682 686 688 689 692 696 698 808 809 826 828 829 862 866 868 869 880 882 886 890 892 896 908 909 926 928 929 962 966 968 980 982 986 990 992 

	 
 
				福彩3D2018135期开奖号码:698,大小比:3：0， 奇偶比1：2。
福彩3D2018136期分析
一、跨度分析：
上期跨度为3跨，根据跨度走势，本期不看好跨度：3,6，关注跨度：2,4,7,8。
上期和值为23和，根据和值走势，本期关注和值:16,17,18,19,22。
二、推荐胆码：
独胆8
双胆89
三胆589
三、组选复试：
五码02589
六码025789
四、3D直选定位杀：
百位杀34
十位杀34
个位杀34
五、直选定位:
02589-02589-02589
2589-2589-2589
589-589-589
七、组选20注: 079 089 169 178 179 189 259 268 269 278 279 289 567 568 569 578 579 589 678 679 

	 
 
				独胆推荐:7
双胆推荐:78
定位胆码:578
五码复式:02578
六码复式:025789
七码复式:0256789
定位复式:02578/02578/02578
单选36注:267 276 277 555 556 557 565 566 567 575 576 577 627 655 656 657 665 666 667 672 675 676 677 726 727 755 756 757 762 765 766 767 772 775 776 777 

	 
 

	上期开奖号:百位:6 十位:9 个位:8 和值:6+9+8=23
3d136期推荐参：
一,本期杀码：3
二,本期胆码: 679
三,六码推荐: 056789
四,五码推荐: 56789
五,四码推荐：6789
六,组选17注：299 569 578 579 588 589 599 668 669 677 678 679 688 689 778 779 788 
七,单选43注：569 578 579 587 589 596 597 598 659 678 679 687 689 695 697 698 758 759 768 769 777 785 786 795 796 857 859 867 869 875 876 895 896 956 957 958 965 967 968 975 976 985 986 
八,跨度推荐: 2,3,4,5
九,和值推荐：20,21,22,23
 


	 


	 
 

	独胆参考：8
推荐双胆：89
定位三胆：189
四码复式：1789
五码复式：16789
六码复式：156789
和值关注：17,18,19,20,21
跨度分析：2,3,4,7,8
公式杀码：0
今日组选：179 189 269 278 279 289 359 368 369 378 379 389 567 568 569 578 579 678 
单选推荐：179 188 189 197 198 199 666 667 668 669 676 677 678 679 686 687 688 696 697 719 766 767 768 769 776 777 778 786 787 791 796 818 819 866 867 868 876 877 881 886 891 917 918 919 966 967 971 976 981 991
 

	本期杀码：4,5
包星定位：9**,*0*,**7
独胆推荐：9
双胆推荐：7,9
五码复式：01379
六码复式：013789
七码复式：0123789
推荐和值：10,11,12,13,14
推荐跨度：2,3,4,5
定位预测：02389*01379*12378
组选预测：002,003,012,013,022,227,237,337,669,678,679,689,699,779,789
单选预测：002,012,031,201,202,237,262,272,301,337,338,361,362,372,631,632,661,662,668,678,697,698,867,868,897,967,968,977,978


	 
 
八仙过海3D最近成绩：3d134期测中组选617，3d130期测中三胆全中+单选245，3d129期测中单选356，3d129期测中独胆0+单选033！
本期杀码：4
毒胆参考：8
双胆预测：89
胆码推荐：289
精选四码：0289
主打五码：02789<带组三>
缩水六码：025789
盈利七码：0235789
重点和值：11 12 17 19 20
跨度参考：3568
精选单注：018 027 038 126 128 129 138 179 237 269 278 289 359 368 379 389 568 578 679 
防组选三：225 228 255 299 388 399 588 
以上分析属于个人观点，仅供参考！			

	南 金胆：1
方 银胆：4
双 铜胆：9
彩 排除1码：0
网 五码复式：14579
原 六码复式：145679
创 七码复式：1456789
   和值分析：13,14,15,16,17
   跨度分析：5,6,7,8
   组选预测：139 148 149 157 158 159 167 168 169 178 179 238 239 247 248 249 257 258 259 267 268 269 278 348 349 358 359 368


	 
 

	杀码：0,5
包星：8**,*3*,**4
独胆：3
双胆：3,8
5码复式：12348
6码复式：123468
和值范围：11,12,14,15,17
跨度范围：3,5,6,7
★组选★：124 128 137 138 146 147 167 168 237 239 248 249 267 269 278 348 368 467 489 679 
★单选★：214 218 237 241 248 267 278 294 317 318 348 368 371 372 392 614 617 618 638 641 647 671 672 674 692 697 812 831 834 842 861 872 894 932 942 948 962 967


	 
 

	今日杀码：8,9
绝杀跨度：1,5
绝杀和尾：1,3
包星推荐：0**,*4*,**6
双胆推荐：4,6
五码复式：01456
六码复式：014567
七码复式：0124567
和值推荐：10,12,15,16
跨度推荐：2,3,6,8
组选推荐：002 006 023 033 046 066 113 114 123 127 147 177 235 244 255 336 345 366 447 456 457 466


	 
 

	胆码：239
四码：2349
五码：23489(含组三)
六码：234689
七码：2346789
定位推荐:
百位：23689
十位：34679
个位：24789
直组精选：237 238 247 248 264 274 347 362 372 374 632 642 832 842 849 894 948 
组选大底：025 026 034 035 125 137 236 237 238 246 247 248 256 257 278 347 359 368 369 378 459 489 579 589


	 
 

	1、杀号及条件：
通杀号：6,9
杀跨度：2,3
杀和尾：0,5
2、胆码推荐：
独胆：5
双胆：5,7
三胆：4,5,7
3、复式推荐：
五码复式：01457
六码复式：012457
七码复式：0123457
4、和值跨度：
推荐和值：11,12,13,14,16
推荐跨度：4,5,6,7
5、直选定位：01457//23457//03457
6、号码缩水：
组选号码：015 024 047 057 128 137 138 147 148 157 158 178 237 238 247 248 257 347 358 
单选号码：015 042 047 074 075 204 218 237 238 247 248 274 275 317 318 347 371 372 374 501 507 517 518 538 571 572 812 814 815 817 831 832 835 841 842 871



 
 
				杀码：0,8
包星定位：1**,*5*,**6
独胆：1
双胆：1,6
三胆：1,5,6
复式：12567→124567→1245679
和值：10,12,15,16,24
跨度：2,4,5,6
定位：12569//14679//12457
组选：123 127 136 145 147 156 167 237 246 257 267 345 347 349 357 367 456 479 569  

	三胆预测：126
四码预测：1267
五码复式：12678
六码复式：123678
七码复式：1234678
推荐和值：10,11,12,13,15
推荐跨度：3,4,5,6
直选定位：12368//13467//12478
专家杀号：5,9
杀跨度：2
杀和尾：4
专家精选：014 023 046 127 136 137 146 147 236 237 238 246 247 267 346 348


	 
 

	排除一码：3
独胆预测：9
双胆预测：19
三胆预测：019
五码复式：01489
六码复式：012489
七码复式：0124689
推荐和值：10,11,15,17,21
推荐跨度：3,5,7,9
组选推荐：019 025 029 047 069 089 124 128 146 168 245 249 267 269 467 479 489 578 
直选推荐：047 074 091 092 098 205 214 218 241 245 267 294 502 542 578 614 618 641 647 672 674 692 812 861 875 894 901 902 908 942 947 948 962 974


	 
 

	本期可杀：0,4
毒胆预测：2
双胆预测：2,3
三胆预测：2,3,5
五码复式：12359
六码复式：123589
七码复式：1235789
定位复式：12359//12359//12359
和值推荐：10,12,14,15,17
跨度推荐：3,5,6,7
组选推荐：127 136 138 156 158 167 168 235 237 239 257 258 267 269 278 356 359 368 389 578 679



 
 

	本期可杀：4,5
毒胆预测：6
双胆预测：6,7
三胆预测：1,6,7
五码复式：12367
六码复式：123678
七码复式：0123678
定位复式：02368*01367*12378
和值推荐：12,14,15,16,17
跨度推荐：3,5,6,7
组选推荐：013,016,023,138,167,168,178,237,239,267,268,269,278,368,679


	 
 

	绝杀号码：3,5
独胆推荐：4
双胆推荐：2,4
三胆推荐：2,4,7
五码复式：24789
六码复式：124789
七码复式：0124789
推荐和值：12,13,14,15,17
推荐跨度：2,4,5,7
组选推荐：012,014,067,148,168,246,247,249,267,269,789
直选推荐：012,014,041,067,201,247,264,267,274,294,607,618,642,672,692,814,841,861,897,942,962,978
仅供参考，照单投注，风险自负。


	 
 

	包星定位：5**,*7*,**1
杀码：2,9
独胆：1
双胆：1,7
三胆：1,5,7
五码：13578
六码：134578
七码：1345678
和值：12,13,14,15,17
跨度：4,5,6,7
组选：014,016,034,057,067,138,147,148,156,157,158,167,168,347,348,357,368,458


	 
 
				包包星定位：9**,*1*,**8
杀码推荐：3,5
【独胆】：1
【双胆】：18
五码复式：16789
六码复式：146789
七码复式：1246789
直选推荐：12689//14679//12478
推荐和值：12,14,15,17,18
推荐跨度：4,6,7,8
组选推荐：014,016,017,048,068,078,129,147,149,167,168,179,189,248,249,269,278,279,468
直选推荐：014,017,041,048,061,068,071,078,248,278,291,294,297,601,608,617,618,648,671,692,804,807,842,861,864,872,891,912,914,917,918,941,942,962,971,972
 (直选参考！龙彩居士献上——)  
				包星定位：0**,*9*,**8
杀码：2,4
独胆：0
双胆：0,9
三胆：0,8,9
五码复式：06789
六码复式：016789
七码复式：0136789
推荐和值：10,12,14,15,17
推荐跨度：6,7,8,9
组选推荐：016,019,037,039,057,059,068,069,078,089,138,158,159,167,168,179,359,389
《程咬金专注独胆》  

	【杀码】：5,7
【三胆】：3**,*1*,**2
独胆：1
双胆：1,3
五码复式：12346
六码复式：123468
七码复式：1234689
和值预测：6,10,11,12,14
跨度预测：2,3,4,8
组选预测：013,024,028,038,048,068,123,129,149,169,236,246
直选预测：031,038,042,048,068,204,208,231,264,291,301,308,312,362,608,632,642,691,802,804,912,914,941,961
（实实在在分享，高高兴兴中奖，龙民工祝您大奖连连)


	 
 
				一、独胆：7
二、双胆：67
三、三胆：567
四、绝杀：3
五、本期和值: 14,15,16,17,18
六、五码定位：12567/12567/12567
七、福彩3D开奖预测组选18注:069 078 079 089 159 168 169 178 179 189 258 259 267 268 269 278 279 567 
八、福彩3D开奖预测直选50注:167 176 177 257 266 267 275 276 277 527 555 556 557 565 566 567 572 575 576 577 617 626 627 655 656 657 662 665 666 667 671 672 675 676 716 717 725 726 727 752 755 756 757 761 762 765 766 771 772 775 

	 
 
				福彩3D2018134期开奖号码:617,大小比:2：1， 奇偶比2：1。
福彩3D2018135期分析
一、跨度分析：
上期跨度为6跨，根据跨度走势，本期不看好跨度：4,8，关注跨度：2,5,6,7。
上期和值为14和，根据和值走势，本期关注和值:12,13,14,15。
二、推荐胆码：
独胆1
双胆17
三胆167
三、组选复试：
五码01567
六码012567
四、3D直选定位杀：
百位杀39
十位杀39
个位杀39
五、直选定位:
01567-01567-01567
1567-1567-1567
167-167-167
七、组选16注: 048 057 058 067 068 147 148 156 157 158 167 246 247 248 256 257 

	 
 
				独胆推荐:1
双胆推荐:17
定位胆码:157
五码复式:01257
六码复式:012567
七码复式:0125678
定位复式:01257/01257/01257
单选55注:027 055 057 072 075 077 117 127 155 157 171 172 175 177 207 217 225 227 252 255 257 270 271 272 275 505 507 515 517 522 525 527 550 551 552 555 570 571 572 702 705 707 711 712 715 717 720 721 722 725 750 751 752 770 771 

	 
 
				上期开奖号:百位:6 十位:1 个位:7 和值:6+1+7=14
3d135期推荐参：
一,本期杀码：3
二,本期胆码: 016
三,六码推荐: 015678
四,五码推荐: 01678
五,四码推荐：0167
六,组选17注：015 016 017 024 025 026 028 046 047 056 124 125 127 128 145 146 245 
七,单选39注：006 007 008 016 017 018 060 061 066 070 071 080 081 106 107 108 116 117 118 160 161 170 171 180 181 600 601 606 610 611 660 700 701 710 711 800 801 810 811 
八,跨度推荐: 2,3,6,7
九,和值推荐：6,7,8,10,11
 

	 
 
				独胆参考：1
推荐双胆：17
定位三胆：167
四码复式：1567
五码复式：01567
六码复式：015678
和值关注：12,13,14,15
跨度分析：2,3,4,5,6
公式杀码：3
今日组选：058 067 068 078 148 157 158 167 168 178 247 248 256 257 258 267 268 456 457 
单选推荐：057 066 067 075 076 077 156 157 165 166 167 175 176 177 507 516 517 555 556 561 565 570 571 606 607 615 616 617 651 655 660 661 670 671 705 706 707 715 716 717 750 751 760 761 770 771 

	 
 

	本期杀码：3,5
包星定位：6**,*0*,**2
独胆推荐：2
双胆推荐：0,2
五码复式：01267
六码复式：012467
七码复式：0124679
推荐和值：9,11,12,13,17
推荐跨度：3,4,5,6
定位预测：02679*01467*12479
组选预测：016,124,126,146,147,246,247,278,467,469,478,489,679,689
单选预测：061,214,241,247,261,264,274,278,601,612,614,641,642,647,674,694,697,698,847,872,874,894,948,964,967,968


	 
 

	南 金胆：7
方 银胆：5
双 铜胆：9
彩 排除1码：8
网 五码复式：12579
原 六码复式：123579
创 七码复式：1234579
   和值分析：14,15,17,18,21
   跨度分析：3,4,5,7
   组选预测：013,014,017,023,025,034,035,047,124,125,134,239,245,249,257,279,347,357,459,579


	 
 

	杀码：4,7
包星：8**,*0*,**2
独胆：0
双胆：0,2
5码复式：01238
6码复式：012358
和值范围：10,12,14,15,17
跨度范围：3,5,6,8
★组选★：013,016,023,025,028,068,129,136,156,159,235,258,356,359,368,389
★单选★：031,032,061,068,205,208,235,291,301,302,361,365,368,395,398,502,532,561,591,601,608,615,631,635,638,802,912,915,935,938


	 
 

	今日杀码：1,6
绝杀跨度：1,5
绝杀和尾：0,7
包星推荐：2**,*4*,**8
双胆推荐：2,8
五码复式：02489
六码复式：024789
七码复式：0245789
和值推荐：11,12,13,16
跨度推荐：2,3,4,8
组选推荐：003 024 033 038 048 058 088 245 255 335 337 345 355 448 457 579 588 589 599 779



 
 
八仙过海3D最近成绩：3d134期测中组选617，3d130期测中三胆全中+单选245，3d129期测中单选356，3d129期测中独胆0+单选033！
本期杀码：3
毒胆参考：7
双胆预测：17
胆码推荐：127
精选四码：1279
主打五码：01279<带组三>
缩水六码：012789
盈利七码：0124789
重点和值：10 11 12 13 17
跨度参考：3459
精选单注：019 025 029 047 057 067 124 128 145 146 148 156 245 246 247 256 269 467 
防组选三：007 115 118 155 188 227 229 255 
以上分析属于个人观点，仅供参考！			

	回顾上期开奖结果：617，类型：组六，和值：14，跨度：6，形态为：偶奇奇，大小大。


	从近期3d走势图分析


	百位：上期出号6，号码为大号，近期百位冷号为：1457，本期关注2389。重点防：0。


	十位：上期出号1，号码为小号，近期十位冷号为：07，本期关注4569。重点防：3。


	个位：上期出号7，号码为大号，近期个位冷号为：48，本期关注2356。重点防：1。


	本期定位关注
2389//4569//2356
七码:2345689
六码:234569
五码:34569
四码:3459
双胆:49
乾坤1注:945
243 245 246 253 256 265 293 295 
296 342 345 346 352 356 365 392 
395 396 842 843 845 846 852 853 
856 865 892 893 895 896 942 943 
945 946 952 953 956 962 963 965
 
				定位胆码:246
百位:023
十位:456
个位:367
5码复试:23467
6码复试:234567
7码复试:0234567
组选推荐 
023 024 025 026 027 034 035 
036 037 045 046 047 056 057 
067 234 235 236 237 245 246 
247 256 257 267 345 346 347 
356 357 367 456 457 467 567 
提供参考，祝您好运！			
				上期开奖号码为：617，中奖详细：直选16657注1040元，组六25350注173元，销售总额：47,939,342 元。
独胆:9
双胆:49
三胆:459
六码复式:134569
五码复式:13459
复式定位 
百位:3469
十位:1459
个位:1235
直选大底 
315 341 342 345 351 352 391 
392 395 412 413 415 451 452 
453 491 492 493 495 615 641 
642 643 645 651 652 653 691 
692 693 695 912 913 915 941 
942 943 945 951 952 953 
精选12注:492 493 495 645 691 693 915 942 943 945 951 952			
				金胆:0
银胆:7
铜胆:9
五码复式:04579
六码复式:045679
七码复式:0345679
和值:14,15,16,18
跨度:4,5,6
杀码:1,2
精选17注:039 049 057 059 067 069 079 347 349 357 359 367 369 457 459 467 567			
				本期精心为您推荐：
（1）【胆    码】金胆4 银胆2 铜胆7
（2）【大    小】小小大,小大大,大小小
（3）【奇    偶】偶偶奇,偶奇奇,奇偶奇
（4）【组选复式】0234579
（5）【和    值】10,12,13
（6）【定位包号】4**/*2*/**7
（7）【直选复式】0239//2459//2357
（8）直组42注推荐
023 025 027 042 043 045 047 
052 053 057 092 093 095 097 
243 245 247 253 257 293 295 
297 325 327 342 345 347 352 
357 392 395 397 923 925 927 
942 943 945 947 952 953 957 
（9）缩水精华：057 247 253 257 293 325 327 345 347 352 392 923			
				一、定胆推荐：265
二、大小推荐：小大大,大大小
三、奇偶推荐：偶偶奇,偶奇偶
四、和值推荐：13,15,17
五、跨度推荐：4,7,9
六、组选复式：0245679
七、精准定位：百位0269 十位4569 个位2457
八、直组大底 
042 045 052 054 057 062 064 065 
067 092 095 245 247 254 257 264 
265 267 294 295 297 642 645 647 
652 654 657 692 694 695 697 942 
945 952 954 957 962 964 965 967 
九、组选12注：029 056 067 069 245 247 249 256 267 269 456 467 
（个人看号，仅供娱乐）			
				胆码：146
四码：1467
五码：12467(含组三)
六码：124678
七码：1234678
定位推荐:
百位：23678
十位：13467
个位：12478
直组精选：218 247 274 361 362 368 614 631 632 638 641 742 812 814 841 
组选大底：025 028 034 037 038 047 058 067 128 136 139 145 146 148 179 236 247 256 269 368 458 479 489 569 579  
				1、杀号及条件：
通杀号：2,6
杀跨度：2,3
杀和尾：2,4
2、胆码推荐：
独胆：8
双胆：0,8
三胆：0,3,8
3、复式推荐：
五码复式：01358
六码复式：013589
七码复式：0134589
4、和值跨度：
推荐和值：10,11,13,17
推荐跨度：4,5,7,8
5、直选定位：13589//13458//01458
6、号码缩水：
组选号码：034 037 038 047 058 139 145 148 179 458 479 489 579
单选号码：034 037 038 047 074 304 307 308 391 508 514 541 548 597 805 814 841 845 894 917 931 947 948 971 974 975  

	杀码：7,9
包星定位：5**,*3*,**8
独胆：5
双胆：5,8
三胆：3,5,8
复式：23568→023568→0234568
和值：12,13,15,16,24
跨度：3,4,5,6
定位：23568//23568//23568
组选：013 014 015 023 024 156 238 246 248 256 258 268 346 348 356 358


	 
 

	三胆预测：345
四码预测：2345
五码复式：02345
六码复式：023457
七码复式：0234579
推荐和值：10,11,12,13,15
推荐跨度：2,4,5,6
直选定位：02345//02345//34589
专家杀号：1,6
杀跨度：3
杀和尾：4
专家精选：002 005 055 227 228 237 238 244 247 258 335 337 339 345 348 355 357 389 399 479 488 489 499 579 589 599 779 799


	 
 
				排除一码：1
独胆预测：6
双胆预测：67
三胆预测：678
五码复式：23678
六码复式：234678
七码复式：2346789
推荐和值：14,15,16,17,21
推荐跨度：2,3,4,6
组选推荐：236,245,248,258,268,278,347,349,356,357,359,367,456,457,458,467,579,678,789
直选推荐：245,248,268,278,347,362,365,367,374,375,394,395,537,542,547,548,564,574,597,632,635,637,645,647,674,678,842,845,862,867,872,897,934,935,975,978 

	本期可杀：1,3
毒胆预测：6
双胆预测：6,7
三胆预测：2,6,7
五码复式：24567
六码复式：245678
七码复式：2456789
定位复式：25689//24679//24578
和值推荐：10,12,14,15,17
跨度推荐：4,5,6,7
组选推荐：025,046,057,246,248,249,257,258,267,269,278,458,479,569,589


	 
 

	本期可杀：5,6
毒胆预测：3
双胆预测：3,7
三胆预测：3,4,7
五码复式：12347
六码复式：123478
七码复式：0123478
定位复式：02348*01347*12478
和值推荐：10,12,14,15,17
跨度推荐：3,4,5,7
组选推荐：013,014,023,034,037,124,138,237,239,249,347,348,479


	 
 
				绝杀号码：2,3
独胆推荐：8
双胆推荐：8,9
三胆推荐：7,8,9
五码复式：56789
六码复式：456789
七码复式：1456789
推荐和值：15,16,17,18,24
推荐跨度：2,5,6,7
组选推荐：015,016,017,158,167,168,178,456,459,567,789
直选推荐：015,017,061,071,501,518,564,567,594,601,617,618,645,671,675,815,817,861,871,897,945,978
仅供参考，照单投注，风险自负。  

	包星定位：8**,*6*,**4
杀码：1,3
独胆：8
双胆：4,8
三胆：4,6,8
五码：04568
六码：024568
七码：0245689
和值：12,14,15,17,18
跨度：4,5,6,7
组选：025,026,057,246,248,249,257,258,267,269,278,279,458,459,468,589


	 
 

	包包星定位：2**,*9*,**4
杀码推荐：1,8
【独胆】：2
【双胆】：29
五码复式：24569
六码复式：234569
七码复式：2345679
直选推荐：23569//34679//23457
推荐和值：12,14,15,17,18
推荐跨度：4,5,6,7
组选推荐：025,026,034,035,057,237,239,246,249,257,267,269,279,347,357,359,369,459
直选推荐：034,035,062,075,205,237,264,267,275,294,297,304,305,347,372,374,375,392,395,502,507,537,572,594,602,642,672,692,932,935,942,945,962,972
 (直选参考！龙彩居士献上——)



 
 
				包星定位：3**,*6*,**8
杀码：1,2
独胆：3
双胆：3,6
三胆：3,6,8
五码复式：03689
六码复式：036789
七码复式：0346789
推荐和值：12,14,15,17,18
推荐跨度：3,4,5,6
组选推荐：034,035,347,348,356,357,359,368,369,378,458,459,467,468,589,679
《程咬金专注独胆》			

	【杀码】：6,7
【三胆】：3**,*4*,**1
独胆：4
双胆：3,4
五码复式：13459
六码复式：013459
七码复式：0123459
和值预测：8,10,11,12,14
跨度预测：3,4,5,9
组选预测：013,019,029,035,039,059,125,134,145,235,245,459,489,589
直选预测：031,035,091,092,095,215,235,245,301,305,314,341,512,514,532,541,542,594,598,894,895,901,902,905,945,948
（实实在在分享，高高兴兴中奖，龙民工祝您大奖连连)


	 
 

	一、独胆：6
二、双胆：56
三、三胆：569
四、绝杀：3
五、本期和值: 16,17,18,20,22
六、五码定位：02569/02569/02569
七、福彩3D开奖预测组选20注:079 089 169 178 179 189 259 268 269 278 279 289 567 568 569 578 579 589 678 679 
八、福彩3D开奖预测直选40注:099 259 269 295 296 299 529 556 559 565 566 569 592 595 596 599 629 655 656 659 665 666 669 692 695 696 909 925 926 929 952 955 956 959 962 965 966 990 992 995
 

	福彩3D2018133期开奖号码:691,大小比:2：1， 奇偶比2：1。
福彩3D2018134期分析
一、跨度分析：
上期跨度为8跨，根据跨度走势，本期不看好跨度：4,5，关注跨度：2,3,7,8。
上期和值为16和，根据和值走势，本期关注和值:14,15,16,17,18。
二、推荐胆码：
独胆5
双胆56
三胆567
三、组选复试：
五码01567
六码015678
四、3D直选定位杀：
百位杀39
十位杀39
个位杀39
五、直选定位:
01567-01567-01567
1567-1567-1567
567-567-567
七、组选20注: 068 078 158 167 168 178 248 257 258 267 268 278 456 457 458 467 468 478 567 568
 
				独胆推荐:1
双胆推荐:16
定位胆码:126
五码复式:01267
六码复式:012567
七码复式:0125678
定位复式:01267/01267/01267
单选51注:027 066 067 072 076 077 117 126 127 162 166 167 171 172 176 207 216 217 226 227 261 262 266 270 271 272 606 607 612 616 617 621 622 626 660 661 662 670 671 702 706 707 711 712 716 720 721 722 760 761 770 

	 
 
				上期开奖号:百位:6 十位:9 个位:1 和值:6+9+1=16
3d134期推荐参：
一,本期杀码：3
二,本期胆码: 125
三,六码推荐: 125678
四,五码推荐: 12567
五,四码推荐：1256
六,组选19注：016 017 018 025 026 027 028 045 046 047 056 124 125 126 127 128 145 146 245 
七,单选48注：115 116 117 125 126 127 151 152 155 156 161 162 165 171 172 215 216 217 225 226 227 251 252 255 261 262 271 272 511 512 515 516 521 522 525 551 552 561 611 612 615 621 622 651 711 712 721 722 
八,跨度推荐: 2,3,5,6
九,和值推荐：7,9,10,11,12

	 
 
				独胆参考：5
推荐双胆：56
定位三胆：156
四码复式：1567
五码复式：12567
六码复式：012567
和值关注：10,11,12,14
跨度分析：2,3,4,5,6
公式杀码：3
今日组选：019 028 029 056 057 058 059 067 068 127 128 129 156 157 158 167 256 257 
单选推荐：127 155 156 157 165 166 167 172 175 176 217 226 227 255 256 257 262 265 266 271 272 275 515 516 517 525 526 527 551 552 561 562 571 572 615 616 617 622 625 626 651 652 661 662 671 712 715 716 721 722 725 751 752 761 

	 
 

	回顾上期开奖结果：691，类型：组六，和值：16，跨度：8，形态为：偶奇奇，大大小。


	从近期3d走势图分析


	百位：上期出号6，号码为大号，近期百位冷号为：457，本期关注2349。重点防：0。


	十位：上期出号9，号码为大号，近期十位冷号为：17，本期关注2456。重点防：3。


	个位：上期出号1，号码为大号，近期个位冷号为：48，本期关注1356。重点防：7。


	本期定位关注
2349//2456//1356
七码:1234569
六码:234569
五码:23459
四码:2349
双胆:49
乾坤1注:943
241 243 245 246 253 263 321 325 
326 341 345 346 351 356 361 365 
421 423 425 426 451 453 456 461 
463 465 921 923 925 926 941 943 
945 946 951 953 956 961 963 965


	 
 
				定位胆码:451
百位:349
十位:245
个位:156
5码复试:13456
6码复试:123456
7码复试:1234569
组选推荐 
123 124 125 126 129 134 135 
136 139 145 146 149 156 159 
169 234 235 236 239 245 246 
249 256 259 269 345 346 349 
356 359 369 456 459 469 569 
提供参考，祝您好运！			
				上期开奖号码为：691，中奖详细：直选33740注1040元，组六55395注173元，销售总额：47,275,258 元。
独胆:4
双胆:48
三胆:348
六码复式:234578
五码复式:34578
复式定位 
百位:3489
十位:2345
个位:3578
直选大底 
325 327 328 345 347 348 357 
358 423 425 427 428 435 437 
438 453 457 458 823 825 827 
835 837 843 845 847 853 857 
923 925 927 928 935 937 938 
943 945 947 948 953 957 958 
精选11注:347 348 357 428 437 438 825 837 843 923 945			
				金胆:3
银胆:5
铜胆:7
五码复式:34567
六码复式:345679
七码复式:3456789
和值:13,15,16,17
跨度:4,5,6
杀码:0,1
精选18注:346 347 348 349 356 357 358 359 367 368 369 378 456 457 458 459 467 567  
				本期精心为您推荐：
（1）【胆    码】金胆3 银胆7 铜胆8
（2）【大    小】小大大,小小大,大大小
（3）【奇    偶】奇奇偶,偶奇偶,奇偶奇
（4）【组选复式】1236789
（5）【和    值】13,17,18
（6）【定位包号】3**/*7*/**8
（7）【直选复式】2369//1367//3678
（8）直组40注推荐
213 216 217 218 236 237 238 263 
267 268 273 276 278 316 317 318 
367 368 376 378 613 617 618 637 
638 673 678 913 916 917 918 936 
937 938 963 967 968 973 976 978 
（9）缩水精华：238 278 368 378 638 913 917 918 936 963			
				一、定胆推荐：417
二、大小推荐：小小大,小大小
三、奇偶推荐：偶奇奇,偶偶奇
四、和值推荐：12,13,14
五、跨度推荐：4,5,6
六、组选复式：1345678
七、精准定位：百位3468 十位1456 个位3567 
八、直组大底 
315 316 317 345 346 347 356 
357 365 367 413 415 416 417 
453 456 457 463 465 467 613 
615 617 643 645 647 653 657 
813 815 816 817 843 845 846 
847 853 856 857 863 865 867 
九、组选10注：138 147 148 156 157 158 167 345 346 347 
（个人看号，仅供娱乐）			